Agent Report:
[[ 2.03947654e+00  2.20826380e+00  2.23171892e+00  2.07206221e+00]
 [ 2.06001546e+00  2.46850597e+00  2.53565196e+00  2.27108949e+00]
 [ 2.38431084e+00  2.80996916e+00  2.74562233e+00  2.54664703e+00]
 [ 2.45215363e+00  3.09728362e+00  2.37257055e+00  2.30932916e+00]
 [ 1.79636955e+00  2.74157389e+00  1.08607951e+00  1.98294359e+00]
 [ 2.09743995e+00  3.55878847e-01  1.36597868e-01  1.12081686e+00]
 [ 2.74581945e-01  3.69365302e-01  2.19064848e-03  4.95814857e-06]
 [ 3.79390174e-02  2.58501886e-05  2.32651697e-06  1.57275060e-03]
 [ 1.82604202e+00  1.88691515e+00  2.50540584e+00  1.94100033e+00]
 [ 2.26942741e+00  2.69746599e+00  2.89573551e+00  2.25307405e+00]
 [ 2.67565736e+00  3.19435811e+00  3.24687823e+00  2.65007020e+00]
 [ 2.91748514e+00  3.53883938e+00  2.94415324e+00  2.78051572e+00]
 [ 3.34377649e+00  3.52071028e+00  7.39537647e-01  2.16498176e+00]
 [-2.80802766e+00 -1.69802389e+00 -1.82604724e+00 -4.12101335e-01]
 [-3.40711982e-01  2.10607458e+00  6.19687209e-02 -8.08113885e-02]
 [ 8.65336426e-02  4.61996594e-01  5.36233010e-05  8.29041142e-04]
 [ 8.94779086e-01  7.26746570e-01  2.66990571e+00  1.46824786e+00]
 [ 1.69678264e+00  2.09760489e+00  3.30403702e+00  2.43817661e+00]
 [ 3.04700824e+00  3.64248854e+00  3.75834555e+00  2.95904319e+00]
 [ 3.41791089e+00  4.19889456e+00  3.99353213e+00  3.41336915e+00]
 [ 3.87129219e+00  4.80813969e+00  4.24766593e+00  3.21231398e+00]
 [ 3.54180462e+00  5.25857414e+00  1.55763079e+00  9.08935543e-01]
 [ 3.69783140e+00  4.79281335e-01  4.22900736e-01  4.24264177e-01]
 [ 6.64133436e-01  2.95835274e+00  3.96421459e-01  2.61715110e-02]
 [ 2.60326653e-01  1.71718708e+00  3.45916297e-01  3.39881715e-01]
 [ 7.04217897e-01  1.28544100e+00  1.55300101e+00  2.56095304e+00]
 [ 2.49473847e+00  3.86192505e+00  4.23713086e+00  2.86238908e+00]
 [ 3.74645423e+00  4.60394644e+00  4.83513151e+00  3.81617771e+00]
 [ 4.40619199e+00  5.56652743e+00  5.46142775e+00  4.49183472e+00]
 [ 5.02733653e+00  6.01047012e+00  2.08862097e+00  3.70707860e+00]
 [ 1.08479937e+00  5.48574473e-01  2.09919800e+00 -1.65225645e+00]
 [ 8.22446777e-01  5.98598256e+00  1.43954753e+00  9.98457930e-01]
 [ 5.46554057e-01  3.18031912e-01  2.49263088e+00  1.80597020e-01]
 [ 5.49316755e-01  1.14315955e+00  3.55260871e+00  1.80622525e+00]
 [ 2.62042311e+00  2.36387360e+00  4.54847297e+00  2.83576824e+00]
 [ 3.88053746e+00  2.98194363e+00  5.06379819e+00  4.31891464e+00]
 [ 5.04283693e+00  6.12934471e+00  6.32251499e+00  5.37535953e+00]
 [ 5.82993630e+00  7.03311398e+00  7.32773106e+00  5.74882534e+00]
 [ 5.00349327e+00  8.37506593e+00  6.41891760e+00  2.19476210e+00]
 [ 7.22348555e+00  6.51988026e+00  5.03836315e+00  3.62683753e+00]
 [ 6.13793143e-02  1.16899473e-01  5.83899520e-01  7.72279598e-01]
 [ 5.87139214e-02  2.18327031e-02  7.66335017e-01  2.11148531e+00]
 [ 8.47150456e-01  4.12914393e-01  1.20627397e-01  3.08020740e+00]
 [-8.49252582e-01 -3.73996779e-01  3.58603286e+00  1.59757583e+00]
 [ 3.48313181e+00  6.29989171e+00  7.34877432e+00  5.47423527e+00]
 [ 6.68146997e+00  7.71011683e+00  8.48951939e+00  6.90292448e+00]
 [ 7.46142937e+00  8.66622718e+00  9.69870494e+00  7.97691045e+00]
 [ 0.00000000e+00  0.00000000e+00  0.00000000e+00  0.00000000e+00]]

